ISS (ZARYA)
1 25544U 98067A   24001.50000000  .00016717  00000-0  10270-3 0  9003
2 25544  51.6400 208.0000 0007417  35.5000 325.0000 15.49000000400000
HST
1 20580U 90037B   24001.50000000  .00000800  00000-0  40000-4 0  9005
2 20580  28.4700 120.0000 0002500  80.0000 280.0000 15.09000000300000
NOAA 19
1 33591U 09005A   24001.50000000  .00000100  00000-0  80000-4 0  9007
2 33591  99.1900  50.0000 0014000  90.0000 270.0000 14.12000000200000
LANDSAT 9
1 49260U 21088A   24001.50000000  .00000100  00000-0  30000-4 0  9002
2 49260  98.2200 300.0000 0001200  85.0000 275.0000 14.57000000100000
SENTINEL-6A
1 46984U 20084A   24001.50000000  .00000050  00000-0  20000-4 0  9004
2 46984  66.0400 180.0000 0001000  70.0000 290.0000 12.80000000 50000
